1.2
2.4
3.6000001
4.8
6
7.2
8.4
9.599999
10.799999
11.999999
13.199999
14.399999
15.599998
16.8
18
19.2
20.400002
21.600002
22.800003
24.000004
25.200005
26.400005
27.600006
28.800007
30.000008
31.200008
32.40001
33.60001
34.80001
36.00001
37.200012
38.400013
39.600014
40.800014
42.000015
43.200016
44.400017
45.600018
46.80002
48.00002
49.20002
50.40002
51.60002
52.800022
54.000023
55.200024
56.400024
57.600025
58.800026
60.000027
61.200027
62.40003
63.60003
64.800026
66.00002
67.20002
68.40002
69.60001
70.80001
72.00001
73.200005
74.4
75.6
76.799995
77.99999
79.19999
80.39999
81.59998
82.79998
83.99998
85.199974
86.39997
87.59997
88.799965
89.99996
91.19996
92.399956
93.59995
94.79995
95.99995
97.19994
98.39994
99.59994
100.799934
101.99993
103.19993
104.399925
105.59992
106.79992
107.999916
109.19991
110.39991
111.59991
112.799904
113.9999
115.1999
116.399895
117.59989
118.79989
119.999886
121.19988
122.39988
123.59988
124.79987
125.99987
127.19987
128.39987
129.59987
130.79987
131.99986
133.19986
134.39986
135.59985
136.79985
137.99985
139.19984
140.39984
141.59984
142.79984
143.99983
145.19983
146.39983
147.59982
148.79982
149.99982
151.19981
152.39981
153.59981
154.7998
155.9998
157.1998
158.3998
159.5998
160.79979
161.99979
163.19978
164.39978
165.59978
166.79977
167.99977
169.19977
170.39977
171.59976
172.79976
173.99976
175.19975
176.39975
177.59975
178.79974
179.99974
181.19974
182.39973
183.59973
184.79973
185.99973
187.19972
188.39972
189.59972
190.79971
191.99971
193.1997
194.3997
195.5997
196.7997
197.9997
199.19969
200.39969
201.59969
202.79968
203.99968
205.19968
206.39967
207.59967
208.79967
209.99966
211.19966
212.39966
213.59966
214.79965
215.99965
217.19965
218.39964
219.59964
220.79964
221.99963
223.19963
224.39963
225.59962
226.79962
227.99962
229.19962
230.39961
231.59961
232.7996
233.9996
235.1996
236.3996
237.5996
238.79959
239.99959
241.19958
242.39958
243.59958
244.79958
245.99957
247.19957
248.39957
249.59956
250.79956
251.99956
253.19955
254.39955
255.59955
256.79956
257.99957
259.1996
260.3996
261.5996
262.79962
263.99963
265.19965
266.39966
267.59967
268.79968
269.9997
271.1997
272.39972
273.59973
274.79974
275.99976
277.19977
278.39978
279.5998
280.7998
281.99982
283.19983
284.39984
285.59985
286.79987
287.99988
289.1999
290.3999
291.5999
292.79993
293.99994
295.19995
296.39996
297.59998
298.8
300
301.2
302.40002
303.60004
304.80005
306.00006
307.20007
308.4001
309.6001
310.8001
312.00012
313.20013
314.40015
315.60016
316.80017
318.00018
319.2002
320.4002
321.60022
322.80023
324.00024
325.20026
326.40027
327.60028
328.8003
330.0003
331.20032
332.40033
333.60034
334.80035
336.00037
337.20038
338.4004
339.6004
340.8004
342.00043
343.20044
344.40045
345.60046
346.80048
348.0005
349.2005
350.4005
351.60052
352.80054
354.00055
355.20056
356.40057
357.6006
358.8006
360.0006
361.20062
362.40063
363.60065
364.80066
366.00067
367.20068
368.4007
369.6007
370.80072
372.00073
373.20074
374.40076
375.60077
376.80078
378.0008
379.2008
380.40082
381.60083
382.80084
384.00085
385.20087
386.40088
387.6009
388.8009
390.00092
391.20093
392.40094
393.60095
394.80096
396.00098
397.201
398.401
399.601
400.80103
402.00104
403.20105
404.40106
405.60107
406.8011
408.0011
409.2011
410.40112
411.60114
412.80115
414.00116
415.20117
416.40118
417.6012
418.8012
420.00122
421.20123
422.40125
423.60126
424.80127
426.00128
427.2013
428.4013
429.60132
430.80133
432.00134
433.20135
434.40137
435.60138
436.8014
438.0014
439.20142
440.40143
441.60144
442.80145
444.00146
445.20148
446.4015
447.6015
448.8015
450.00153
451.20154
452.40155
453.60156
454.80157
456.0016
457.2016
458.4016
459.60162
460.80164
462.00165
463.20166
464.40167
465.60168
466.8017
468.0017
469.20172
470.40173
471.60175
472.80176
474.00177
475.20178
476.4018
477.6018
478.80182
480.00183
481.20184
482.40186
483.60187
484.80188
486.0019
487.2019
488.40192
489.60193
490.80194
492.00195
493.20197
494.40198
495.602
496.802
498.002
499.20203
500.40204
501.60205
502.80206
504.00208
505.2021
506.4021
507.6021
508.80212
510.00214
511.20215
512.40216
513.6022
514.8022
516.0022
517.2022
518.4022
519.60223
520.80225
522.00226
523.2023
524.4023
525.6023
526.8023
528.0023
529.20233
530.40234
531.60236
532.80237
534.0024
535.2024
536.4024
537.6024
538.8024
540.00244
541.20245
542.40247
543.6025
544.8025
546.0025
547.2025
548.4025
549.60254
550.80255
552.00256
553.2026
554.4026
555.6026
556.8026
558.0026
559.20264
560.40265
561.60266
562.8027
564.0027
565.2027
566.4027
567.6027
568.80273
570.00275
571.20276
572.4028
573.6028
574.8028
576.0028
577.2028
578.40283
579.60284
580.80286
582.00287
583.2029
584.4029
585.6029
586.8029
588.0029
589.20294
590.40295
591.60297
592.803
594.003
595.203
596.403
597.603
598.80304
600.00305
601.20306
602.4031
603.6031
604.8031
606.0031
607.2031
608.40314
609.60315
610.80316
612.0032
613.2032
614.4032
615.6032
616.8032
618.00323
619.20325
620.40326
621.6033
622.8033
624.0033
625.2033
626.4033
627.60333
628.80334
630.00336
631.20337
632.4034
633.6034
634.8034
636.0034
637.2034
638.40344
639.60345
640.80347
642.0035
643.2035
644.4035
645.6035
646.8035
648.00354
649.20355
650.40356
651.6036
652.8036
654.0036
655.2036
656.4036
657.60364
658.80365
660.00366
661.2037
662.4037
663.6037
664.8037
666.0037
667.20374
668.40375
669.60376
670.8038
672.0038
673.2038
674.4038
675.6038
676.80383
678.00385
679.20386
680.4039
681.6039
682.8039
684.0039
685.2039
686.40393
687.60394
688.80396
690.00397
691.204
692.404
693.604
694.804
696.004
697.20404
698.40405
699.60406
700.8041
702.0041
703.2041
704.4041
705.6041
706.80414
708.00415
709.20416
710.4042
711.6042
712.8042
714.0042
715.2042
716.40424
717.60425
718.80426
720.0043
721.2043
722.4043
723.6043
724.8043
726.00433
727.20435
728.40436
729.6044
730.8044
732.0044
733.2044
734.4044
735.60443
736.80444
738.00446
739.20447
740.4045
741.6045
742.8045
744.0045
745.2045
746.40454
747.60455
748.80457
750.0046
751.2046
752.4046
753.6046
754.8046
756.00464
757.20465
758.40466
759.6047
760.8047
762.0047
763.2047
764.4047
765.60474
766.80475
768.00476
769.2048
770.4048
771.6048
772.8048
774.0048
775.20483
776.40485
777.60486
778.8049
780.0049
781.2049
782.4049
783.6049
784.80493
786.00494
787.20496
788.40497
789.605
790.805
792.005
793.205
794.405
795.60504
796.80505
798.00507
799.2051
800.4051
801.6051
802.8051
804.0051
805.20514
806.40515
807.60516
808.8052
810.0052
811.2052
812.4052
813.6052
814.80524
816.00525
817.20526
818.4053
819.6053
820.8053
822.0053
823.2053
824.40533
825.60535
826.80536
828.0054
829.2054
830.4054
831.6054
832.8054
834.00543
835.20544
836.40546
837.60547
838.8055
840.0055
841.2055
842.4055
843.6055
844.80554
846.00555
847.20557
848.4056
