1.2
2.4
3.5999999999999996
4.8
6
7.199999999999999
8.4
9.6
10.799999999999999
12
13.2
14.399999999999999
15.6
16.8
18
19.2
20.4
21.599999999999998
22.8
24
25.2
26.4
27.599999999999998
28.799999999999997
30
31.2
32.4
33.6
34.8
36
37.199999999999996
38.4
39.6
40.8
42
43.199999999999996
44.4
45.6
46.8
48
49.199999999999996
50.4
51.6
52.8
54
55.199999999999996
56.4
57.599999999999994
58.8
60
61.199999999999996
62.4
63.59999999999999
64.8
66
67.2
68.39999999999999
69.6
70.8
72
73.2
74.39999999999999
75.6
76.8
78
79.2
80.39999999999999
81.6
82.8
84
85.2
86.39999999999999
87.6
88.8
90
91.2
92.39999999999999
93.6
94.8
96
97.2
98.39999999999999
99.6
100.8
102
103.2
104.39999999999999
105.6
106.8
108
109.2
110.39999999999999
111.6
112.8
114
115.19999999999999
116.39999999999999
117.6
118.8
120
121.19999999999999
122.39999999999999
123.6
124.8
126
127.19999999999997
128.4
129.6
130.79999999999998
132
133.2
134.4
135.6
136.79999999999998
138
139.2
140.4
141.6
142.79999999999998
144
145.2
146.4
147.6
148.79999999999998
150
151.2
152.4
153.6
154.79999999999998
156
157.2
158.4
159.6
160.79999999999998
162
163.2
164.4
165.6
166.79999999999998
168
169.2
170.4
171.6
172.79999999999998
174
175.2
176.4
177.6
178.79999999999998
180
181.2
182.4
183.6
184.79999999999998
186
187.2
188.4
189.6
190.79999999999998
192
193.2
194.4
195.6
196.79999999999998
198
199.2
200.4
201.6
202.79999999999998
204
205.2
206.4
207.6
208.79999999999998
210
211.2
212.4
213.6
214.79999999999998
216
217.2
218.4
219.6
220.79999999999998
222
223.2
224.4
225.6
226.79999999999998
228
229.2
230.39999999999998
231.6
232.79999999999998
234
235.2
236.39999999999998
237.6
238.79999999999998
240
241.2
242.39999999999998
243.6
244.79999999999998
246
247.2
248.39999999999998
249.6
250.79999999999995
252
253.2
254.39999999999995
255.6
256.8
258
259.2
260.4
261.59999999999997
262.8
264
265.2
266.4
267.59999999999997
268.8
270
271.2
272.4
273.59999999999997
274.8
276
277.2
278.4
279.59999999999997
280.8
282
283.2
284.4
285.59999999999997
286.8
288
289.2
290.4
291.59999999999997
292.8
294
295.2
296.4
297.59999999999997
298.8
300
301.2
302.4
303.59999999999997
304.8
306
307.2
308.4
309.59999999999997
310.8
312
313.2
314.4
315.59999999999997
316.8
318
319.2
320.4
321.59999999999997
322.8
324
325.2
326.4
327.59999999999997
328.8
330
331.2
332.4
333.59999999999997
334.8
336
337.2
338.4
339.59999999999997
340.8
342
343.2
344.4
345.59999999999997
346.8
348
349.2
350.4
351.59999999999997
352.8
354
355.2
356.4
357.59999999999997
358.8
360
361.2
362.4
363.59999999999997
364.8
366
367.2
368.4
369.59999999999997
370.8
372
373.2
374.4
375.59999999999997
376.8
378
379.2
380.4
381.59999999999997
382.8
384
385.2
386.4
387.59999999999997
388.8
390
391.2
392.4
393.59999999999997
394.8
396
397.2
398.4
399.59999999999997
400.8
402
403.2
404.4
405.59999999999997
406.8
408
409.2
410.4
411.59999999999997
412.8
414
415.2
416.4
417.59999999999997
418.8
420
421.2
422.4
423.59999999999997
424.8
426
427.2
428.4
429.59999999999997
430.8
432
433.2
434.4
435.59999999999997
436.8
438
439.2
440.4
441.59999999999997
442.8
444
445.2
446.4
447.59999999999997
448.8
450
451.2
452.4
453.59999999999997
454.8
456
457.2
458.4
459.59999999999997
460.79999999999995
462
463.2
464.4
465.59999999999997
466.79999999999995
468
469.2
470.4
471.59999999999997
472.79999999999995
474
475.2
476.4
477.59999999999997
478.79999999999995
480
481.2
482.4
483.59999999999997
484.79999999999995
486
487.2
488.4
489.59999999999997
490.79999999999995
492
493.2
494.4
495.59999999999997
496.79999999999995
498
499.2
500.4
501.5999999999999
502.7999999999999
504
505.2
506.4
507.59999999999997
508.7999999999999
510
511.2
512.4
513.6
514.8
516
517.1999999999999
518.4
519.6
520.8
522
523.1999999999999
524.4
525.6
526.8
528
529.1999999999999
530.4
531.6
532.8
534
535.1999999999999
536.4
537.6
538.8
540
541.1999999999999
542.4
543.6
544.8
546
547.1999999999999
548.4
549.6
550.8
552
553.1999999999999
554.4
555.6
556.8
558
559.1999999999999
560.4
561.6
562.8
564
565.1999999999999
566.4
567.6
568.8
570
571.1999999999999
572.4
573.6
574.8
576
577.1999999999999
578.4
579.6
580.8
582
583.1999999999999
584.4
585.6
586.8
588
589.1999999999999
590.4
591.6
592.8
594
595.1999999999999
596.4
597.6
598.8
600
601.1999999999999
602.4
603.6
604.8
606
607.1999999999999
608.4
609.6
610.8
612
613.1999999999999
614.4
615.6
616.8
618
619.1999999999999
620.4
621.6
622.8
624
625.1999999999999
626.4
627.6
628.8
630
631.1999999999999
632.4
633.6
634.8
636
637.1999999999999
638.4
639.6
640.8
642
643.1999999999999
644.4
645.6
646.8
648
649.1999999999999
650.4
651.6
652.8
654
655.1999999999999
656.4
657.6
658.8
660
661.1999999999999
662.4
663.6
664.8
666
667.1999999999999
668.4
669.6
670.8
672
673.1999999999999
674.4
675.6
676.8
678
679.1999999999999
680.4
681.6
682.8
684
685.1999999999999
686.4
687.6
688.8
690
691.1999999999999
692.4
693.6
694.8
696
697.1999999999999
698.4
699.6
700.8
702
703.1999999999999
704.4
705.6
706.8
708
709.1999999999999
710.4
711.6
712.8
714
715.1999999999999
716.4
717.6
718.8
720
721.1999999999999
722.4
723.6
724.8
726
727.1999999999999
728.4
729.6
730.8
732
733.1999999999999
734.4
735.6
736.8
738
739.1999999999999
740.4
741.6
742.8
744
745.1999999999999
746.4
747.6
748.8
750
751.1999999999999
752.4
753.6
754.8
756
757.1999999999999
758.4
759.6
760.8
762
763.1999999999999
764.4
765.6
766.8
768
769.1999999999999
770.4
771.6
772.8
774
775.1999999999999
776.4
777.6
778.8
780
781.1999999999999
782.4
783.6
784.8
786
787.1999999999999
788.4
789.6
790.8
792
793.1999999999999
794.4
795.6
796.8
798
799.1999999999999
800.4
801.6
802.8
804
805.1999999999999
806.4
807.6
808.8
810
811.1999999999999
812.4
813.6
814.8
816
817.1999999999999
818.4
819.6
820.8
822
823.1999999999999
824.4
825.6
826.8
828
829.1999999999999
830.4
831.6
832.8
834
835.1999999999999
836.4
837.6
838.8
840
841.1999999999999
842.4
843.6
844.8
846
847.1999999999999
848.4
849.6
850.8
852
853.1999999999999
854.4
855.6
856.8
858
859.1999999999999
860.4
861.6
862.8
864
865.1999999999999
866.4
867.6
868.8
870
871.1999999999999
872.4
873.6
874.8
876
877.1999999999999
878.4
879.6
880.8
882
883.1999999999999
884.4
885.6
886.8
888
889.1999999999999
890.4
891.6
892.8
894
895.1999999999999
896.4
897.6
898.8
900
901.1999999999999
902.4
903.6
904.8
906
907.1999999999999
908.4
909.6
910.8
912
913.1999999999999
914.4
915.6
916.8
918
919.1999999999999
920.4
921.5999999999999
922.8
924
925.1999999999999
926.4
927.5999999999999
928.8
930
931.1999999999999
932.4
933.5999999999999
934.8
936
937.1999999999999
938.4
939.5999999999999
940.8
942
943.1999999999999
944.4
945.5999999999999
946.8
948
949.1999999999999
950.4
951.5999999999999
952.8
954
955.1999999999999
956.4
957.5999999999999
958.8
960
961.1999999999999
962.4
963.5999999999999
964.8
966
967.1999999999999
968.4
969.5999999999999
970.8
972
973.1999999999999
974.4
975.5999999999999
976.8
978
979.1999999999999
980.4
981.5999999999999
982.8
984
985.1999999999999
986.4
987.5999999999999
988.8
990
991.1999999999999
992.4
993.5999999999999
994.8
996
997.1999999999999
998.4
999.5999999999999
1000.8
1002
1003.1999999999998
1004.4
1005.5999999999998
1006.8
1008
1009.1999999999998
1010.4
1011.5999999999998
1012.8
1014
1015.1999999999999
1016.4
1017.5999999999998
1018.8
1020
1021.1999999999999
1022.4
1023.5999999999998
1024.8
1026
1027.2
1028.3999999999999
1029.6
1030.8
1032
1033.2
1034.3999999999999
1035.6
1036.8
1038
1039.2
1040.3999999999999
1041.6
1042.8
1044
1045.2
1046.3999999999999
1047.6
1048.8
1050
1051.2
1052.3999999999999
1053.6
1054.8
1056
1057.2
1058.3999999999999
1059.6
1060.8
1062
1063.2
1064.3999999999999
1065.6
1066.8
1068
1069.2
1070.3999999999999
1071.6
1072.8
1074
1075.2
1076.3999999999999
1077.6
1078.8
1080
1081.2
1082.3999999999999
1083.6
1084.8
1086
1087.2
1088.3999999999999
1089.6
1090.8
1092
1093.2
1094.3999999999999
1095.6
1096.8
1098
1099.2
1100.3999999999999
1101.6
1102.8
1104
1105.2
1106.3999999999999
1107.6
1108.8
1110
1111.2
1112.3999999999999
1113.6
1114.8
1116
1117.2
1118.3999999999999
1119.6
1120.8
1122
1123.2
1124.3999999999999
1125.6
1126.8
1128
1129.2
1130.3999999999999
1131.6
1132.8
1134
1135.2
1136.3999999999999
1137.6
1138.8
1140
1141.2
1142.3999999999999
1143.6
1144.8
1146
1147.2
1148.3999999999999
1149.6
1150.8
1152
1153.2
1154.3999999999999
1155.6
1156.8
1158
1159.2
1160.3999999999999
1161.6
1162.8
1164
1165.2
1166.3999999999999
1167.6
1168.8
1170
1171.2
1172.3999999999999
1173.6
1174.8
1176
1177.2
1178.3999999999999
1179.6
1180.8
1182
1183.2
1184.3999999999999
1185.6
1186.8
1188
1189.2
1190.3999999999999
1191.6
1192.8
1194
1195.2
1196.3999999999999
1197.6
1198.8
1200
1201.2
1202.3999999999999
1203.6
1204.8
1206
1207.2
1208.3999999999999
1209.6
1210.8
1212
1213.2
1214.3999999999999
1215.6
1216.8
1218
1219.2
1220.3999999999999
1221.6
1222.8
1224
1225.2
1226.3999999999999
1227.6
1228.8
1230
1231.2
1232.3999999999999
1233.6
1234.8
1236
1237.2
1238.3999999999999
1239.6
1240.8
1242
1243.2
1244.3999999999999
1245.6
1246.8
1248
1249.2
1250.3999999999999
1251.6
1252.8
1254
1255.2
1256.3999999999999
1257.6
1258.8
1260
1261.2
1262.3999999999999
1263.6
1264.8
1266
1267.2
1268.3999999999999
1269.6
1270.8
1272
1273.2
1274.3999999999999
1275.6
1276.8
1278
1279.2
1280.3999999999999
1281.6
1282.8
1284
1285.2
1286.3999999999999
1287.6
1288.8
1290
1291.2
1292.3999999999999
1293.6
1294.8
1296
1297.2
1298.3999999999999
1299.6
1300.8
1302
1303.2
1304.3999999999999
1305.6
1306.8
1308
1309.2
1310.3999999999999
1311.6
1312.8
1314
1315.2
1316.3999999999999
1317.6
1318.8
1320
1321.2
1322.3999999999999
1323.6
1324.8
1326
1327.2
1328.3999999999999
1329.6
1330.8
1332
1333.2
1334.3999999999999
1335.6
1336.8
1338
1339.2
1340.3999999999999
1341.6
1342.8
1344
1345.2
1346.3999999999999
1347.6
1348.8
1350
1351.2
1352.3999999999999
1353.6
1354.8
1356
1357.2
1358.3999999999999
1359.6
1360.8
1362
1363.2
1364.3999999999999
1365.6
1366.8
1368
1369.2
1370.3999999999999
1371.6
1372.8
1374
1375.2
1376.3999999999999
1377.6
1378.8
1380
1381.2
1382.3999999999999
1383.6
1384.8
1386
1387.2
1388.3999999999999
1389.6
1390.8
1392
1393.2
1394.3999999999999
1395.6
1396.8
1398
1399.2
1400.3999999999999
1401.6
1402.8
1404
1405.2
1406.3999999999999
1407.6
1408.8
1410
1411.2
1412.3999999999999
1413.6
1414.8
1416
1417.2
1418.3999999999999
1419.6
1420.8
1422
1423.2
1424.3999999999999
1425.6
1426.8
1428
1429.2
1430.3999999999999
1431.6
1432.8
1434
1435.2
1436.3999999999999
1437.6
1438.8
1440
1441.2
1442.3999999999999
1443.6
1444.8
1446
1447.2
1448.3999999999999
1449.6
1450.8
1452
1453.2
1454.3999999999999
1455.6
1456.8
1458
1459.2
1460.3999999999999
1461.6
1462.8
1464
1465.2
1466.3999999999999
1467.6
1468.8
1470
1471.2
1472.3999999999999
1473.6
1474.8
1476
1477.2
1478.3999999999999
1479.6
1480.8
1482
1483.2
1484.3999999999999
1485.6
1486.8
1488
1489.2
1490.3999999999999
1491.6
1492.8
1494
1495.2
1496.3999999999999
1497.6
1498.8
1500
1501.2
1502.3999999999999
1503.6
1504.8
1506
1507.2
1508.3999999999999
1509.6
1510.8
1512
1513.2
1514.3999999999999
1515.6
1516.8
1518
1519.2
1520.3999999999999
1521.6
1522.8
1524
1525.2
1526.3999999999999
1527.6
1528.8
1530
1531.2
1532.3999999999999
1533.6
1534.8
1536
1537.2
1538.3999999999999
1539.6
1540.8
1542
1543.2
1544.3999999999999
1545.6
1546.8
1548
1549.2
1550.3999999999999
1551.6
1552.8
1554
1555.2
1556.3999999999999
1557.6
1558.8
1560
1561.2
1562.3999999999999
1563.6
1564.8
1566
1567.2
1568.3999999999999
1569.6
1570.8
1572
1573.2
1574.3999999999999
1575.6
1576.8
1578
1579.2
1580.3999999999999
1581.6
1582.8
1584
1585.2
1586.3999999999999
1587.6
1588.8
1590
1591.2
1592.3999999999999
1593.6
1594.8
1596
1597.2
1598.3999999999999
1599.6
1600.8
1602
1603.2
1604.3999999999999
1605.6
1606.8
1608
1609.2
1610.3999999999999
1611.6
1612.8
1614
1615.2
1616.3999999999999
1617.6
1618.8
1620
1621.2
1622.3999999999999
1623.6
1624.8
1626
1627.2
1628.3999999999999
1629.6
1630.8
1632
1633.2
1634.3999999999999
1635.6
1636.8
1638
1639.2
1640.3999999999999
1641.6
1642.8
1644
1645.2
1646.3999999999999
1647.6
1648.8
1650
1651.2
1652.3999999999999
1653.6
1654.8
1656
1657.2
1658.3999999999999
1659.6
1660.8
1662
1663.2
1664.3999999999999
1665.6
1666.8
1668
1669.2
1670.3999999999999
1671.6
1672.8
1674
1675.2
1676.3999999999999
1677.6
1678.8
1680
1681.2
1682.3999999999999
1683.6
1684.8
1686
1687.2
1688.3999999999999
1689.6
1690.8
1692
1693.2
1694.3999999999999
1695.6
1696.8
1698
1699.2
1700.3999999999999
1701.6
1702.8
1704
1705.2
1706.3999999999999
1707.6
1708.8
1710
1711.2
1712.3999999999999
1713.6
1714.8
1716
1717.2
1718.3999999999999
1719.6
1720.8
1722
1723.2
1724.3999999999999
1725.6
1726.8
1728
1729.2
1730.3999999999999
1731.6
1732.8
1734
1735.2
1736.3999999999999
1737.6
1738.8
1740
1741.2
1742.3999999999999
1743.6
1744.8
1746
1747.2
1748.3999999999999
1749.6
1750.8
1752
1753.2
1754.3999999999999
1755.6
1756.8
1758
1759.2
1760.3999999999999
1761.6
1762.8
1764
1765.2
1766.3999999999999
1767.6
1768.8
1770
1771.2
1772.3999999999999
1773.6
1774.8
1776
1777.2
1778.3999999999999
1779.6
1780.8
1782
1783.2
1784.3999999999999
1785.6
1786.8
1788
1789.2
1790.3999999999999
1791.6
1792.8
1794
1795.2
1796.3999999999999
1797.6
1798.8
1800
1801.2
1802.3999999999999
1803.6
1804.8
1806
1807.2
1808.3999999999999
1809.6
1810.8
1812
1813.2
1814.3999999999999
1815.6
1816.8
1818
1819.2
1820.3999999999999
1821.6
1822.8
1824
1825.2
1826.3999999999999
1827.6
1828.8
1830
1831.2
1832.3999999999999
1833.6
1834.8
1836
1837.2
1838.3999999999999
1839.6
1840.8
1842
1843.1999999999998
1844.3999999999999
1845.6
1846.8
1848
1849.1999999999998
1850.3999999999999
1851.6
1852.8
1854
1855.1999999999998
1856.3999999999999
1857.6
1858.8
1860
1861.1999999999998
1862.3999999999999
1863.6
1864.8
1866
1867.1999999999998
1868.3999999999999
1869.6
1870.8
1872
1873.1999999999998
1874.3999999999999
1875.6
1876.8
1878
1879.1999999999998
1880.3999999999999
1881.6
1882.8
1884
1885.1999999999998
1886.3999999999999
1887.6
1888.8
1890
1891.1999999999998
1892.3999999999999
1893.6
1894.8
1896
1897.1999999999998
1898.3999999999999
1899.6
1900.8
1902
1903.1999999999998
1904.3999999999999
1905.6
1906.8
1908
1909.1999999999998
1910.3999999999999
1911.6
1912.8
1914
1915.1999999999998
1916.3999999999999
1917.6
1918.8
1920
1921.1999999999998
1922.3999999999999
1923.6
1924.8
1926
1927.1999999999998
1928.3999999999999
1929.6
1930.8
1932
1933.1999999999998
1934.3999999999999
1935.6
1936.8
1938
1939.1999999999998
1940.3999999999999
1941.6
1942.8
1944
1945.1999999999998
1946.3999999999999
1947.6
1948.8
1950
1951.1999999999998
1952.3999999999999
1953.6
1954.8
1956
1957.1999999999998
1958.3999999999999
1959.6
1960.8
1962
1963.1999999999998
1964.3999999999999
1965.6
1966.8
1968
1969.1999999999998
1970.3999999999999
1971.6
1972.8
1974
1975.1999999999998
1976.3999999999999
1977.6
1978.8
1980
1981.1999999999998
1982.3999999999999
1983.6
1984.8
1986
1987.1999999999998
1988.3999999999999
1989.6
1990.8
1992
1993.1999999999998
1994.3999999999999
1995.6
1996.8
1998
1999.1999999999998
2000.3999999999999
2001.6
2002.8000000000002
2004
2005.1999999999998
2006.3999999999996
2007.6000000000001
2008.8
2009.9999999999998
2011.1999999999996
2012.3999999999999
2013.6
2014.8000000000002
2016
2017.1999999999998
2018.3999999999996
2019.6000000000001
2020.8
2021.9999999999998
2023.1999999999996
2024.4
2025.6
2026.8000000000002
2028
2029.1999999999998
2030.3999999999999
2031.6000000000001
2032.8
2033.9999999999998
2035.1999999999996
2036.4
2037.6
2038.8000000000002
2040
2041.1999999999998
2042.3999999999999
2043.6000000000001
2044.8
2045.9999999999998
2047.1999999999996
2048.4
2049.6
2050.7999999999997
2052
2053.2
2054.4
2055.6
2056.7999999999997
2058
2059.2
2060.4
2061.6
2062.7999999999997
2064
2065.2
2066.4
2067.6
2068.7999999999997
2070
2071.2
2072.4
2073.6
2074.7999999999997
2076
2077.2
2078.4
2079.6
2080.7999999999997
2082
2083.2
2084.4
2085.6
2086.7999999999997
2088
2089.2
2090.4
2091.6
2092.7999999999997
2094
2095.2
2096.4
2097.6
2098.7999999999997
2100
2101.2
2102.4
2103.6
2104.7999999999997
2106
2107.2
2108.4
2109.6
2110.7999999999997
2112
2113.2
2114.4
2115.6
2116.7999999999997
2118
2119.2
2120.4
2121.6
2122.7999999999997
2124
2125.2
2126.4
2127.6
2128.7999999999997
2130
2131.2
2132.4
2133.6
2134.7999999999997
2136
2137.2
2138.4
2139.6
2140.7999999999997
2142
2143.2
2144.4
2145.6
2146.7999999999997
2148
2149.2
2150.4
2151.6
2152.7999999999997
2154
2155.2
2156.4
2157.6
2158.7999999999997
2160
2161.2
2162.4
2163.6
2164.7999999999997
2166
2167.2
2168.4
2169.6
2170.7999999999997
2172
2173.2
2174.4
2175.6
2176.7999999999997
2178
2179.2
2180.4
2181.6
2182.7999999999997
2184
2185.2
2186.4
2187.6
2188.7999999999997
2190
2191.2
2192.4
2193.6
2194.7999999999997
2196
2197.2
2198.4
2199.6
2200.7999999999997
2202
2203.2
2204.4
2205.6
2206.7999999999997
2208
2209.2
2210.4
2211.6
2212.7999999999997
2214
2215.2
2216.4
2217.6
2218.7999999999997
2220
2221.2
2222.4
2223.6
2224.7999999999997
2226
2227.2
2228.4
2229.6
2230.7999999999997
2232
2233.2
2234.4
2235.6
2236.7999999999997
2238
2239.2
2240.4
2241.6
2242.7999999999997
2244
2245.2
2246.4
2247.6
2248.7999999999997
2250
2251.2
2252.4
2253.6
2254.7999999999997
2256
2257.2
2258.4
2259.6
2260.7999999999997
2262
2263.2
2264.4
2265.6
2266.7999999999997
2268
2269.2
2270.4
2271.6
2272.7999999999997
2274
2275.2
2276.4
2277.6
2278.7999999999997
2280
2281.2
2282.4
2283.6
2284.7999999999997
2286
2287.2
2288.4
2289.6
2290.7999999999997
2292
2293.2
2294.4
2295.6
2296.7999999999997
2298
2299.2
2300.4
2301.6
2302.7999999999997
2304
2305.2
2306.4
2307.6
2308.7999999999997
2310
2311.2
2312.4
2313.6
2314.7999999999997
2316
2317.2
2318.4
2319.6
2320.7999999999997
2322
2323.2
2324.4
2325.6
2326.7999999999997
2328
2329.2
2330.4
2331.6
2332.7999999999997
2334
2335.2
2336.4
2337.6
2338.7999999999997
2340
2341.2
2342.4
2343.6
2344.7999999999997
2346
2347.2
2348.4
2349.6
2350.7999999999997
2352
2353.2
2354.4
2355.6
2356.7999999999997
2358
2359.2
2360.4
2361.6
2362.7999999999997
2364
2365.2
2366.4
2367.6
2368.7999999999997
2370
2371.2
2372.4
2373.6
2374.7999999999997
2376
2377.2
2378.4
2379.6
2380.7999999999997
2382
2383.2
2384.4
2385.6
2386.7999999999997
2388
2389.2
2390.4
2391.6
2392.7999999999997
2394
2395.2
2396.4
2397.6
2398.7999999999997
2400
2401.2
2402.4
2403.6
2404.7999999999997
2406
2407.2
2408.4
2409.6
2410.7999999999997
2412
2413.2
2414.4
2415.6
2416.7999999999997
2418
2419.2
2420.4
2421.6
2422.7999999999997
2424
2425.2
2426.4
2427.6
2428.7999999999997
2430
2431.2
2432.4
2433.6
2434.7999999999997
2436
2437.2
2438.4
2439.6
2440.7999999999997
2442
2443.2
2444.4
2445.6
2446.7999999999997
2448
2449.2
2450.4
2451.6
2452.7999999999997
2454
2455.2
2456.4
2457.6
2458.7999999999997
2460
2461.2
2462.4
2463.6
2464.7999999999997
2466
2467.2
2468.4
2469.6
2470.7999999999997
2472
2473.2
2474.4
2475.6
2476.7999999999997
2478
2479.2
2480.4
2481.6
2482.7999999999997
2484
2485.2
2486.4
2487.6
2488.7999999999997
2490
2491.2
2492.4
2493.6
2494.7999999999997
2496
2497.2
2498.4
2499.6
2500.7999999999997
2502
2503.2
2504.4
2505.6
2506.7999999999997
2508
2509.2
2510.4
2511.6
2512.7999999999997
2514
2515.2
2516.4
2517.6
2518.7999999999997
2520
2521.2
2522.4
2523.6
2524.7999999999997
2526
2527.2
2528.4
2529.6
2530.7999999999997
2532
2533.2
2534.4
2535.6
2536.7999999999997
2538
2539.2
2540.4
2541.6
2542.7999999999997
2544
2545.2
2546.4
2547.6
2548.7999999999997
2550
2551.2
2552.4
2553.6
2554.7999999999997
2556
2557.2
2558.4
2559.6
2560.7999999999997
2562
2563.2
2564.4
2565.6
2566.7999999999997
2568
2569.2
2570.4
2571.6
2572.7999999999997
2574
2575.2
2576.4
2577.6
2578.7999999999997
2580
2581.2
2582.4
2583.6
2584.7999999999997
2586
2587.2
2588.4
2589.6
2590.7999999999997
2592
2593.2
2594.4
2595.6
2596.7999999999997
2598
2599.2
2600.4
2601.6
2602.7999999999997
2604
2605.2
2606.4
2607.6
2608.7999999999997
2610
2611.2
2612.4
2613.6
2614.7999999999997
2616
2617.2
2618.4
2619.6
2620.7999999999997
2622
2623.2
2624.4
2625.6
2626.7999999999997
2628
2629.2
2630.4
2631.6
2632.7999999999997
2634
2635.2
2636.4
2637.6
2638.7999999999997
2640
2641.2
2642.4
2643.6
2644.7999999999997
2646
2647.2
2648.4
2649.6
2650.7999999999997
2652
2653.2
2654.4
2655.6
2656.7999999999997
2658
2659.2
2660.4
2661.6
2662.7999999999997
2664
2665.2
2666.4
2667.6
2668.7999999999997
2670
2671.2
2672.4
2673.6
2674.7999999999997
2676
2677.2
2678.4
2679.6
2680.7999999999997
2682
2683.2
2684.4
2685.6
2686.7999999999997
2688
2689.2
2690.4
2691.6
2692.7999999999997
2694
2695.2
2696.4
2697.6
2698.7999999999997
2700
2701.2
2702.4
2703.6
2704.7999999999997
2706
2707.2
2708.4
2709.6
2710.7999999999997
2712
2713.2
2714.4
2715.6
2716.7999999999997
2718
2719.2
2720.4
2721.6
2722.7999999999997
2724
2725.2
2726.4
2727.6
2728.7999999999997
2730
2731.2
2732.4
2733.6
2734.7999999999997
2736
2737.2
2738.4
2739.6
2740.7999999999997
2742
2743.2
2744.4
2745.6
2746.7999999999997
2748
2749.2
2750.4
2751.6
2752.7999999999997
2754
2755.2
2756.4
2757.6
2758.7999999999997
2760
2761.2
2762.4
2763.6
2764.7999999999997
2766
2767.2
2768.4
2769.6
2770.7999999999997
2772
2773.2
2774.4
2775.6
2776.7999999999997
2778
2779.2
2780.4
2781.6
2782.7999999999997
2784
2785.2
2786.4
2787.6
2788.7999999999997
2790
2791.2
2792.4
2793.6
2794.7999999999997
2796
2797.2
2798.4
2799.6
2800.7999999999997
2802
2803.2
2804.4
2805.6
2806.7999999999997
2808
2809.2
2810.4
2811.6
2812.7999999999997
2814
2815.2
2816.4
2817.6
2818.7999999999997
2820
2821.2
2822.4
2823.6
2824.7999999999997
2826
2827.2
2828.4
2829.6
2830.7999999999997
2832
2833.2
2834.4
2835.6
2836.7999999999997
2838
2839.2
2840.4
2841.6
2842.7999999999997
2844
2845.2
2846.4
2847.6
2848.7999999999997
2850
2851.2
2852.4
2853.6
2854.7999999999997
2856
2857.2
2858.4
2859.6
2860.7999999999997
2862
2863.2
2864.4
2865.6
2866.7999999999997
2868
2869.2
2870.4
2871.6
2872.7999999999997
2874
2875.2
2876.4
2877.6
2878.7999999999997
2880
2881.2
2882.4
2883.6
2884.7999999999997
2886
2887.2
2888.4
2889.6
2890.7999999999997
2892
2893.2
2894.4
2895.6
2896.7999999999997
2898
2899.2
2900.4
2901.6
2902.7999999999997
2904
2905.2
2906.4
2907.6
2908.7999999999997
2910
2911.2
2912.4
2913.6
2914.7999999999997
2916
2917.2
2918.4
2919.6
2920.7999999999997
2922
2923.2
2924.4
2925.6
2926.7999999999997
2928
2929.2
2930.4
2931.6
2932.7999999999997
2934
2935.2
2936.4
2937.6
2938.7999999999997
2940
2941.2
2942.4
2943.6
2944.7999999999997
2946
2947.2
2948.4
2949.6
2950.7999999999997
2952
2953.2
2954.4
2955.6
2956.7999999999997
2958
2959.2
2960.4
2961.6
2962.7999999999997
2964
2965.2
2966.4
2967.6
2968.7999999999997
2970
2971.2
2972.4
2973.6
2974.7999999999997
2976
2977.2
2978.4
2979.6
2980.7999999999997
2982
2983.2
2984.4
2985.6
2986.7999999999997
2988
2989.2
2990.4
2991.6
2992.7999999999997
2994
2995.2
2996.4
2997.6
2998.7999999999997
3000
3001.2
3002.4
3003.6
3004.7999999999997
3006
3007.2
3008.4
3009.6
3010.7999999999997
3012
3013.2
3014.4
3015.6
3016.7999999999997
3018
3019.2
3020.4
3021.6
3022.7999999999997
3024
3025.2
3026.4
3027.6
3028.7999999999997
3030
3031.2
3032.4
3033.6
3034.7999999999997
3036
3037.2
3038.4
3039.6
3040.7999999999997
3042
3043.2
3044.4
3045.6
3046.7999999999997
3048
3049.2
3050.4
3051.6
3052.7999999999997
3054
3055.2
3056.4
3057.6
3058.7999999999997
3060
3061.2
3062.4
3063.6
3064.7999999999997
3066
3067.2
3068.4
3069.6
3070.7999999999997
3072
3073.2
3074.4
3075.6
3076.7999999999997
3078
3079.2
3080.4
3081.6
3082.7999999999997
3084
3085.2
3086.4
3087.6
3088.7999999999997
3090
3091.2
3092.4
3093.6
3094.7999999999997
3096
3097.2
3098.4
3099.6
3100.7999999999997
3102
3103.2
3104.4
3105.6
3106.7999999999997
3108
3109.2
3110.4
3111.6
3112.7999999999997
3114
3115.2
3116.4
3117.6
3118.7999999999997
3120
3121.2
3122.4
3123.6
3124.7999999999997
3126
3127.2
3128.4
3129.6
3130.7999999999997
3132
3133.2
3134.4
3135.6
3136.7999999999997
3138
3139.2
3140.4
3141.6
3142.7999999999997
3144
3145.2
3146.4
3147.6
3148.7999999999997
3150
3151.2
3152.4
3153.6
3154.7999999999997
3156
3157.2
3158.4
3159.6
3160.7999999999997
3162
3163.2
3164.4
3165.6
3166.7999999999997
3168
3169.2
3170.4
3171.6
3172.7999999999997
3174
3175.2
3176.4
3177.6
3178.7999999999997
3180
3181.2
3182.4
3183.6
3184.7999999999997
3186
3187.2
3188.4
3189.6
3190.7999999999997
3192
3193.2
3194.4
3195.6
3196.7999999999997
3198
3199.2
3200.4
3201.6
3202.7999999999997
3204
3205.2
3206.4
3207.6
3208.7999999999997
3210
3211.2
3212.4
3213.6
3214.7999999999997
3216
3217.2
3218.4
3219.6
3220.7999999999997
3222
3223.2
3224.4
3225.6
3226.7999999999997
3228
3229.2
3230.4
3231.6
3232.7999999999997
3234
3235.2
3236.4
3237.6
3238.7999999999997
3240
3241.2
3242.4
3243.6
3244.7999999999997
3246
3247.2
3248.4
3249.6
3250.7999999999997
3252
3253.2
3254.4
3255.6
3256.7999999999997
3258
3259.2
3260.4
3261.6
3262.7999999999997
3264
3265.2
3266.4
3267.6
3268.7999999999997
3270
3271.2
3272.4
3273.6
3274.7999999999997
3276
3277.2
3278.4
3279.6
3280.7999999999997
3282
3283.2
3284.4
3285.6
3286.7999999999997
3288
3289.2
3290.4
3291.6
3292.7999999999997
3294
3295.2
3296.4
3297.6
3298.7999999999997
3300
3301.2
3302.4
3303.6
3304.7999999999997
3306
3307.2
3308.4
3309.6
3310.7999999999997
3312
3313.2
3314.4
3315.6
3316.7999999999997
3318
3319.2
3320.4
3321.6
3322.7999999999997
3324
3325.2
3326.4
3327.6
3328.7999999999997
3330
3331.2
3332.4
3333.6
3334.7999999999997
3336
3337.2
3338.4
3339.6
3340.7999999999997
3342
3343.2
3344.4
3345.6
3346.7999999999997
3348
3349.2
3350.4
3351.6
3352.7999999999997
3354
3355.2
3356.4
3357.6
3358.7999999999997
3360
3361.2
3362.4
3363.6
3364.7999999999997
3366
3367.2
3368.4
3369.6
3370.7999999999997
3372
3373.2
3374.4
3375.6
3376.7999999999997
3378
3379.2
3380.4
3381.6
3382.7999999999997
3384
3385.2
3386.4
3387.6
3388.7999999999997
3390
3391.2
3392.4
3393.6
3394.7999999999997
3396
3397.2
3398.4
3399.6
3400.7999999999997
3402
3403.2
3404.4
3405.6
3406.7999999999997
3408
3409.2
3410.4
3411.6
3412.7999999999997
3414
3415.2
3416.4
3417.6
3418.7999999999997
3420
3421.2
3422.4
3423.6
3424.7999999999997
3426
3427.2
3428.4
3429.6
3430.7999999999997
3432
3433.2
3434.4
3435.6
3436.7999999999997
3438
3439.2
3440.4
3441.6
3442.7999999999997
3444
3445.2
3446.4
3447.6
3448.7999999999997
3450
3451.2
3452.4
3453.6
3454.7999999999997
3456
3457.2
3458.4
3459.6
3460.7999999999997
3462
3463.2
3464.4
3465.6
3466.7999999999997
3468
3469.2
3470.4
3471.6
3472.7999999999997
3474
3475.2
3476.4
3477.6
3478.7999999999997
3480
3481.2
3482.4
3483.6
3484.7999999999997
3486
3487.2
3488.4
3489.6
3490.7999999999997
3492
3493.2
3494.4
3495.6
3496.7999999999997
3498
3499.2
3500.4
3501.6
3502.7999999999997
3504
3505.2
3506.4
3507.6
3508.7999999999997
3510
3511.2
3512.4
3513.6
3514.7999999999997
3516
3517.2
3518.4
3519.6
3520.7999999999997
3522
3523.2
3524.4
3525.6
3526.7999999999997
3528
3529.2
3530.4
3531.6
3532.7999999999997
3534
3535.2
3536.4
3537.6
3538.7999999999997
3540
3541.2
3542.4
3543.6
3544.7999999999997
3546
3547.2
3548.4
3549.6
3550.7999999999997
3552
3553.2
3554.4
3555.6
3556.7999999999997
3558
3559.2
3560.4
3561.6
3562.7999999999997
3564
3565.2
3566.4
3567.6
3568.7999999999997
3570
3571.2
3572.4
3573.6
3574.7999999999997
3576
3577.2
3578.4
3579.6
3580.7999999999997
3582
3583.2
3584.4
3585.6
3586.7999999999997
3588
3589.2
3590.4
3591.6
3592.7999999999997
3594
3595.2
3596.4
3597.6
3598.7999999999997
3600
3601.2
3602.4
3603.6
3604.7999999999997
3606
3607.2
3608.4
3609.6
3610.7999999999997
3612
3613.2
3614.4
3615.6
3616.7999999999997
3618
3619.2
3620.4
3621.6
3622.7999999999997
3624
3625.2
3626.4
3627.6
3628.7999999999997
3630
3631.2
3632.4
3633.6
3634.7999999999997
3636
3637.2
3638.4
3639.6
3640.7999999999997
3642
3643.2
3644.4
3645.6
3646.7999999999997
3648
3649.2
3650.4
3651.6
3652.7999999999997
3654
3655.2
3656.4
3657.6
3658.7999999999997
3660
3661.2
3662.4
3663.6
3664.7999999999997
3666
3667.2
3668.4
3669.6
3670.7999999999997
3672
3673.2
3674.4
3675.6
3676.7999999999997
3678
3679.2
3680.4
3681.6
3682.7999999999997
3684
3685.2
3686.3999999999996
3687.6
3688.7999999999997
3690
3691.2
3692.3999999999996
3693.6
3694.7999999999997
3696
3697.2
3698.3999999999996
3699.6
3700.7999999999997
3702
3703.2
3704.3999999999996
3705.6
3706.7999999999997
3708
3709.2
3710.3999999999996
3711.6
3712.7999999999997
3714
3715.2
3716.3999999999996
3717.6
3718.7999999999997
3720
3721.2
3722.3999999999996
3723.6
3724.7999999999997
3726
3727.2
3728.3999999999996
3729.6
3730.7999999999997
3732
3733.2
3734.3999999999996
3735.6
3736.7999999999997
3738
3739.2
3740.3999999999996
3741.6
3742.7999999999997
3744
3745.2
3746.3999999999996
3747.6
3748.7999999999997
3750
3751.2
3752.3999999999996
3753.6
3754.7999999999997
3756
3757.2
3758.3999999999996
3759.6
3760.7999999999997
3762
3763.2
3764.3999999999996
3765.6
3766.7999999999997
3768
3769.2
3770.3999999999996
3771.6
3772.7999999999997
3774
3775.2
3776.3999999999996
3777.6
3778.7999999999997
3780
3781.2
3782.3999999999996
3783.6
3784.7999999999997
3786
3787.2
3788.3999999999996
3789.6
3790.7999999999997
3792
3793.2
3794.3999999999996
3795.6
3796.7999999999997
3798
3799.2
3800.3999999999996
3801.6
3802.7999999999997
3804
3805.2
3806.3999999999996
3807.6
3808.7999999999997
3810
3811.2
3812.3999999999996
3813.6
3814.7999999999997
3816
3817.2
3818.3999999999996
3819.6
3820.7999999999997
3822
3823.2
3824.3999999999996
3825.6
3826.7999999999997
3828
3829.2
3830.3999999999996
3831.6
3832.7999999999997
3834
3835.2
3836.3999999999996
3837.6
3838.7999999999997
3840
3841.2
3842.3999999999996
3843.6
3844.7999999999997
3846
3847.2
3848.3999999999996
3849.6
3850.7999999999997
3852
3853.2
3854.3999999999996
3855.6
3856.7999999999997
3858
3859.2
3860.3999999999996
3861.6
3862.7999999999997
3864
3865.2
3866.3999999999996
3867.6
3868.7999999999997
3870
3871.2
3872.3999999999996
3873.6
3874.7999999999997
3876
3877.2
3878.3999999999996
3879.6
3880.7999999999997
3882
3883.2
3884.3999999999996
3885.6
3886.7999999999997
3888
3889.2
3890.3999999999996
3891.6
3892.7999999999997
3894
3895.2
3896.3999999999996
3897.6
3898.7999999999997
3900
3901.2
3902.3999999999996
3903.6
3904.7999999999997
3906
3907.2
3908.3999999999996
3909.6
3910.7999999999997
3912
3913.2
3914.3999999999996
3915.6
3916.7999999999997
3918
3919.2
3920.3999999999996
3921.6
3922.7999999999997
3924
3925.2
3926.3999999999996
3927.6
3928.7999999999997
3930
3931.2
3932.3999999999996
3933.6
3934.7999999999997
3936
3937.2
3938.3999999999996
3939.6
3940.7999999999997
3942
3943.2
3944.3999999999996
3945.6
3946.7999999999997
3948
3949.2
3950.3999999999996
3951.6
3952.7999999999997
3954
3955.2
3956.3999999999996
3957.6
3958.7999999999997
3960
3961.2
3962.3999999999996
3963.6
3964.7999999999997
3966
3967.2
3968.3999999999996
3969.6
3970.7999999999997
3972
3973.2
3974.3999999999996
3975.6
3976.7999999999997
3978
3979.2
3980.3999999999996
3981.6
3982.7999999999997
3984
3985.2
3986.3999999999996
3987.6
3988.7999999999997
3990
3991.2
3992.3999999999996
3993.6
3994.7999999999997
3996
3997.2
3998.3999999999996
3999.6
4000.7999999999997
4002
4003.2
4004.3999999999996
4005.6000000000004
4006.8
4008
4009.2
4010.3999999999996
4011.5999999999995
4012.7999999999993
4014.0000000000005
4015.2000000000003
4016.4
4017.6
4018.7999999999997
4019.9999999999995
4021.1999999999994
4022.399999999999
4023.6
4024.7999999999997
4026
4027.2
4028.3999999999996
4029.6000000000004
4030.8
4032
4033.2
4034.3999999999996
4035.5999999999995
4036.7999999999993
4038.0000000000005
4039.2000000000003
4040.4
4041.6
4042.7999999999997
4043.9999999999995
4045.1999999999994
4046.399999999999
4047.6
4048.8
4050
4051.2
4052.3999999999996
4053.6000000000004
4054.7999999999993
4056
4057.2
4058.3999999999996
4059.5999999999995
4060.7999999999997
4062.0000000000005
4063.2000000000003
4064.4
4065.6
4066.7999999999997
4067.9999999999995
4069.1999999999994
4070.399999999999
4071.6
4072.8
4074
4075.2
4076.3999999999996
4077.6000000000004
4078.7999999999993
4080
4081.2
4082.3999999999996
4083.5999999999995
4084.7999999999997
4086.0000000000005
4087.2000000000003
4088.4
4089.6
4090.7999999999997
4091.9999999999995
4093.1999999999994
4094.399999999999
4095.6
4096.8
4098
4099.2
4100.4
4101.599999999999
4102.8
4104
4105.2
4106.4
4107.599999999999
4108.8
4110
4111.2
4112.4
4113.599999999999
4114.8
4116
4117.2
4118.4
4119.599999999999
4120.8
4122
4123.2
4124.4
4125.599999999999
4126.8
4128
4129.2
4130.4
4131.599999999999
4132.8
4134
4135.2
4136.4
4137.599999999999
4138.8
4140
4141.2
4142.4
4143.599999999999
4144.8
4146
4147.2
4148.4
4149.599999999999
4150.8
4152
4153.2
4154.4
4155.599999999999
4156.8
4158
4159.2
4160.4
4161.599999999999
4162.8
4164
4165.2
4166.4
4167.599999999999
4168.8
4170
4171.2
4172.4
4173.599999999999
4174.8
4176
4177.2
4178.4
4179.599999999999
4180.8
4182
4183.2
4184.4
4185.599999999999
4186.8
4188
4189.2
4190.4
4191.599999999999
4192.8
4194
4195.2
4196.4
4197.599999999999
4198.8
4200
4201.2
4202.4
4203.599999999999
4204.8
4206
4207.2
4208.4
4209.599999999999
4210.8
4212
4213.2
4214.4
4215.599999999999
4216.8
4218
4219.2
4220.4
4221.599999999999
4222.8
4224
4225.2
4226.4
4227.599999999999
4228.8
4230
4231.2
4232.4
4233.599999999999
4234.8
4236
4237.2
4238.4
4239.599999999999
4240.8
4242
4243.2
4244.4
4245.599999999999
4246.8
4248
4249.2
4250.4
4251.599999999999
4252.8
4254
4255.2
4256.4
4257.599999999999
4258.8
4260
4261.2
4262.4
4263.599999999999
4264.8
4266
4267.2
4268.4
4269.599999999999
4270.8
4272
4273.2
4274.4
4275.599999999999
4276.8
4278
4279.2
4280.4
4281.599999999999
4282.8
4284
4285.2
4286.4
4287.599999999999
4288.8
4290
4291.2
4292.4
4293.599999999999
4294.8
4296
4297.2
4298.4
4299.599999999999
4300.8
4302
4303.2
4304.4
4305.599999999999
4306.8
4308
4309.2
4310.4
4311.599999999999
4312.8
4314
4315.2
4316.4
4317.599999999999
4318.8
4320
4321.2
4322.4
4323.599999999999
4324.8
4326
4327.2
4328.4
4329.599999999999
4330.8
4332
4333.2
4334.4
4335.599999999999
4336.8
4338
4339.2
4340.4
4341.599999999999
4342.8
4344
4345.2
4346.4
4347.599999999999
4348.8
4350
4351.2
4352.4
4353.599999999999
4354.8
4356
4357.2
4358.4
4359.599999999999
4360.8
4362
4363.2
4364.4
4365.599999999999
4366.8
4368
4369.2
4370.4
4371.599999999999
4372.8
4374
4375.2
4376.4
4377.599999999999
4378.8
4380
4381.2
4382.4
4383.599999999999
4384.8
4386
4387.2
4388.4
4389.599999999999
4390.8
4392
4393.2
4394.4
4395.599999999999
4396.8
4398
4399.2
4400.4
4401.599999999999
4402.8
4404
4405.2
4406.4
4407.599999999999
4408.8
4410
4411.2
4412.4
4413.599999999999
4414.8
4416
4417.2
4418.4
4419.599999999999
4420.8
4422
4423.2
4424.4
4425.599999999999
4426.8
4428
4429.2
4430.4
4431.599999999999
4432.8
4434
4435.2
4436.4
4437.599999999999
4438.8
4440
4441.2
4442.4
4443.599999999999
4444.8
4446
4447.2
4448.4
4449.599999999999
4450.8
4452
4453.2
4454.4
4455.599999999999
4456.8
4458
4459.2
4460.4
4461.599999999999
4462.8
4464
4465.2
4466.4
4467.599999999999
4468.8
4470
4471.2
4472.4
4473.599999999999
4474.8
4476
4477.2
4478.4
4479.599999999999
4480.8
4482
4483.2
4484.4
4485.599999999999
4486.8
4488
4489.2
4490.4
4491.599999999999
4492.8
4494
4495.2
4496.4
4497.599999999999
4498.8
4500
4501.2
4502.4
4503.599999999999
4504.8
4506
4507.2
4508.4
4509.599999999999
4510.8
4512
4513.2
4514.4
4515.599999999999
4516.8
4518
4519.2
4520.4
4521.599999999999
4522.8
4524
4525.2
4526.4
4527.599999999999
4528.8
4530
4531.2
4532.4
4533.599999999999
4534.8
4536
4537.2
4538.4
4539.599999999999
4540.8
4542
4543.2
4544.4
4545.599999999999
4546.8
4548
4549.2
4550.4
4551.599999999999
4552.8
4554
4555.2
4556.4
4557.599999999999
4558.8
4560
4561.2
4562.4
4563.599999999999
4564.8
4566
4567.2
4568.4
4569.599999999999
4570.8
4572
4573.2
4574.4
4575.599999999999
4576.8
4578
4579.2
4580.4
4581.599999999999
4582.8
4584
4585.2
4586.4
4587.599999999999
4588.8
4590
4591.2
4592.4
4593.599999999999
4594.8
4596
4597.2
4598.4
4599.599999999999
4600.8
4602
4603.2
4604.4
4605.599999999999
4606.8
4608
4609.2
4610.4
4611.599999999999
4612.8
4614
4615.2
4616.4
4617.599999999999
4618.8
4620
4621.2
4622.4
4623.599999999999
4624.8
4626
4627.2
4628.4
4629.599999999999
4630.8
4632
4633.2
4634.4
4635.599999999999
4636.8
4638
4639.2
4640.4
4641.599999999999
4642.8
4644
4645.2
4646.4
4647.599999999999
4648.8
4650
4651.2
4652.4
4653.599999999999
4654.8
4656
4657.2
4658.4
4659.599999999999
4660.8
4662
4663.2
4664.4
4665.599999999999
4666.8
4668
4669.2
4670.4
4671.599999999999
4672.8
4674
4675.2
4676.4
4677.599999999999
4678.8
4680
4681.2
4682.4
4683.599999999999
4684.8
4686
4687.2
4688.4
4689.599999999999
4690.8
4692
4693.2
4694.4
4695.599999999999
4696.8
4698
4699.2
4700.4
4701.599999999999
4702.8
4704
4705.2
4706.4
4707.599999999999
4708.8
4710
4711.2
4712.4
4713.599999999999
4714.8
4716
4717.2
4718.4
4719.599999999999
4720.8
4722
4723.2
4724.4
4725.599999999999
4726.8
4728
4729.2
4730.4
4731.599999999999
4732.8
4734
4735.2
4736.4
4737.599999999999
4738.8
4740
4741.2
4742.4
4743.599999999999
4744.8
4746
4747.2
4748.4
4749.599999999999
4750.8
4752
4753.2
4754.4
4755.599999999999
4756.8
4758
4759.2
4760.4
4761.599999999999
4762.8
4764
4765.2
4766.4
4767.599999999999
4768.8
4770
4771.2
4772.4
4773.599999999999
4774.8
4776
4777.2
4778.4
4779.599999999999
4780.8
4782
4783.2
4784.4
4785.599999999999
4786.8
4788
4789.2
4790.4
4791.599999999999
4792.8
4794
4795.2
4796.4
4797.599999999999
4798.8
4800
4801.2
4802.4
4803.599999999999
4804.8
4806
4807.2
4808.4
4809.599999999999
4810.8
4812
4813.2
4814.4
4815.599999999999
4816.8
4818
4819.2
4820.4
4821.599999999999
4822.8
4824
4825.2
4826.4
4827.599999999999
4828.8
4830
4831.2
4832.4
4833.599999999999
4834.8
4836
4837.2
4838.4
4839.599999999999
4840.8
4842
4843.2
4844.4
4845.599999999999
4846.8
4848
4849.2
4850.4
4851.599999999999
4852.8
4854
4855.2
4856.4
4857.599999999999
4858.8
4860
4861.2
4862.4
4863.599999999999
4864.8
4866
4867.2
4868.4
4869.599999999999
4870.8
4872
4873.2
4874.4
4875.599999999999
4876.8
4878
4879.2
4880.4
4881.599999999999
4882.8
4884
4885.2
4886.4
4887.599999999999
4888.8
4890
4891.2
4892.4
4893.599999999999
4894.8
4896
4897.2
4898.4
4899.599999999999
4900.8
4902
4903.2
4904.4
4905.599999999999
4906.8
4908
4909.2
4910.4
4911.599999999999
4912.8
4914
4915.2
4916.4
4917.599999999999
4918.8
4920
4921.2
4922.4
4923.599999999999
4924.8
4926
4927.2
4928.4
4929.599999999999
4930.8
4932
4933.2
4934.4
4935.599999999999
4936.8
4938
4939.2
4940.4
4941.599999999999
4942.8
4944
4945.2
4946.4
4947.599999999999
4948.8
4950
4951.2
4952.4
4953.599999999999
4954.8
4956
4957.2
4958.4
4959.599999999999
4960.8
4962
4963.2
4964.4
4965.599999999999
4966.8
4968
4969.2
4970.4
4971.599999999999
4972.8
4974
4975.2
4976.4
4977.599999999999
4978.8
4980
4981.2
4982.4
4983.599999999999
4984.8
4986
4987.2
4988.4
4989.599999999999
4990.8
4992
4993.2
4994.4
4995.599999999999
4996.8
4998
4999.2
